x,   target,,Function value,,,,,,,,,,,,
-10,3,,100,,,,,,,,,,,,
3,5,,103,,,,,,,,,,,,
5,7,,108,,,,,,,,,,,,
7,15,,115,,,,,,,,,,,,
15,15,,130,,,,,,,,,,,,
15,12,,145,,,,,,,,,,,,
12,8,,157,,,,,,,,,,,,
8,16,,165,,,,,,,,,,,,
16,17,,181,,,,,,,,,,,,
17,27,,198,,,,,,,,,,,,
27,7,,225,,,,,,,,,,,,
,,,,,,,,,,,,,,,
,,,,,,,,,,,,,,,
,,,,,,,,,,,,,,,
,,,,,,,,,,,,,,,
,,,,,,,,,,,,,,,
,,,,,,,,,,,,,,,
Current sliding window record,,,,,-10,3,5,7,15,15,12,8,16,17,7
